DATE                      TIME                      FRAC_DAYS_SINCE_JAN1      FRAC_HRS_SINCE_JAN1       JULIAN_DAYS               EPOCH_TIME                ALARM_STATUS              INST_STATUS               CavityPressure            CavityTemp                DasTemp                   EtalonTemp                WarmBoxTemp               species                   MPVPosition               OutletValve               solenoid_valves           CO2                       CO2_dry                   CH4                       CH4_dry                   H2O                       
2023-07-06                16:48:04.775              186.36672193              4472.801326               187.36672193              1688662084.775            0                         963                       1.3999565013E+002         4.5002331519E+001         3.5163612565E+001         4.5307315087E+001         4.5001141973E+001         2.0000000000E+000         1.6000000000E+001         3.0946765860E+004         0.0000000000E+000         5.5485790539E+002         5.6744926016E+002         2.0657009236E+000         2.1038520476E+000         1.4350526536E+000         
2023-07-06                16:48:05.694              186.36673258              4472.801582               187.36673258              1688662085.695            0                         963                       1.3998249320E+002         4.5002433777E+001         3.5137085635E+001         4.5307212830E+001         4.5001121521E+001         1.0000000000E+000         1.6000000000E+001         3.0946255439E+004         0.0000000000E+000         5.4038727886E+002         5.6744926016E+002         2.0657009236E+000         2.1038520476E+000         1.4350526536E+000         
2023-07-06                16:48:06.207              186.36673851              4472.801724               187.36673851              1688662086.207            0                         963                       1.3999486248E+002         4.5002433777E+001         3.5125000000E+001         4.5307212830E+001         4.5001121521E+001         3.0000000000E+000         1.6000000000E+001         3.0948029147E+004         0.0000000000E+000         5.4038727886E+002         5.5262087901E+002         2.0657009236E+000         2.1039513423E+000         1.4277212381E+000         
2023-07-06                16:48:07.746              186.36675632              4472.802152               187.36675632              1688662087.746            0                         963                       1.4000570695E+002         4.5002433777E+001         3.5187500000E+001         4.5307212830E+001         4.5001121521E+001         2.0000000000E+000         1.6000000000E+001         3.0949145875E+004         0.0000000000E+000         5.4038727886E+002         5.5262087901E+002         2.0652921684E+000         2.1039513423E+000         1.4277212381E+000         
2023-07-06                16:48:08.654              186.36676683              4472.802404               187.36676683              1688662088.654            0                         963                       1.3999634011E+002         4.5002433777E+001         3.5150837989E+001         4.5307212830E+001         4.5001121521E+001         1.0000000000E+000         1.6000000000E+001         3.0947370275E+004         0.0000000000E+000         5.2655039108E+002         5.5262087901E+002         2.0652921684E+000         2.1039513423E+000         1.4277212381E+000         
2023-07-06                16:48:09.158              186.36677267              4472.802544               187.36677267              1688662089.159            0                         963                       1.4001217123E+002         4.5002433777E+001         3.5187500000E+001         4.5307212830E+001         4.5001121521E+001         3.0000000000E+000         1.6000000000E+001         3.0952924654E+004         0.0000000000E+000         5.2655039108E+002         5.3840317520E+002         2.0652921684E+000         2.1033184076E+000         1.4191092899E+000         
2023-07-06                16:48:10.687              186.36679036              4472.802969               187.36679036              1688662090.687            0                         963                       1.4000338640E+002         4.5002403259E+001         3.5187500000E+001         4.5307395935E+001         4.5001060486E+001         2.0000000000E+000         1.6000000000E+001         3.0953431579E+004         0.0000000000E+000         5.2655039108E+002         5.3840317520E+002         2.0656941607E+000         2.1033184076E+000         1.4191092899E+000         
2023-07-06                16:48:11.589              186.36680081              4472.803219               187.36680081              1688662091.590            0                         963                       1.4000236307E+002         4.5002403259E+001         3.5187500000E+001         4.5307395935E+001         4.5001060486E+001         1.0000000000E+000         1.6000000000E+001         3.0952491904E+004         0.0000000000E+000         5.1889753064E+002         5.3840317520E+002         2.0656941607E+000         2.1033184076E+000         1.4191092899E+000         
2023-07-06                16:48:12.092              186.36680662              4472.803359               187.36680662              1688662092.092            0                         963                       1.4002546692E+002         4.5002403259E+001         3.5187500000E+001         4.5307395935E+001         4.5001060486E+001         3.0000000000E+000         1.6000000000E+001         3.0959687500E+004         0.0000000000E+000         5.1889753064E+002         5.3052487814E+002         2.0656941607E+000         2.1035548044E+000         1.4149872580E+000         
2023-07-06                16:48:13.634              186.36682448              4472.803787               187.36682448              1688662093.635            0                         963                       1.4000389978E+002         4.5002403259E+001         3.5142670157E+001         4.5307395935E+001         4.5001060486E+001         2.0000000000E+000         1.6000000000E+001         3.0952321570E+004         0.0000000000E+000         5.1889753064E+002         5.3052487814E+002         2.0656343776E+000         2.1035548044E+000         1.4149872580E+000         
2023-07-06                16:48:14.553              186.36683512              4472.804043               187.36683512              1688662094.554            0                         963                       1.3998209723E+002         4.5002447771E+001         3.5183701657E+001         4.5307340295E+001         4.5001149509E+001         1.0000000000E+000         1.6000000000E+001         3.0946944395E+004         0.0000000000E+000         5.1797332418E+002         5.3052487814E+002         2.0656343776E+000         2.1035548044E+000         1.4149872580E+000         
2023-07-06                16:48:15.068              186.36684106              4472.804186               187.36684106              1688662095.068            0                         963                       1.3999320984E+002         4.5002525330E+001         3.5187500000E+001         4.5307243347E+001         4.5001304626E+001         3.0000000000E+000         1.6000000000E+001         3.0947714844E+004         0.0000000000E+000         5.1797332418E+002         5.2956210602E+002         2.0656343776E+000         2.1034357238E+000         1.4148246383E+000         
2023-07-06                16:48:16.608              186.36685889              4472.804613               187.36685889              1688662096.608            0                         963                       1.4000909584E+002         4.5002525330E+001         3.5184554974E+001         4.5307243347E+001         4.5001304626E+001         2.0000000000E+000         1.6000000000E+001         3.0954249703E+004         0.0000000000E+000         5.1797332418E+002         5.2956210602E+002         2.0657362816E+000         2.1034357238E+000         1.4148246383E+000         
2023-07-06                16:48:17.523              186.36686949              4472.804868               187.36686949              1688662097.524            0                         963                       1.4000210841E+002         4.5002525330E+001         3.5149171271E+001         4.5307243347E+001         4.5001304626E+001         1.0000000000E+000         1.6000000000E+001         3.0951500065E+004         0.0000000000E+000         5.1802732385E+002         5.2956210602E+002         2.0657362816E+000         2.1034357238E+000         1.4148246383E+000         
2023-07-06                16:48:18.035              186.36687541              4472.805010               187.36687541              1688662098.035            0                         963                       1.4000658475E+002         4.5002525330E+001         3.5125000000E+001         4.5307243347E+001         4.5001304626E+001         3.0000000000E+000         1.6000000000E+001         3.0950184270E+004         0.0000000000E+000         5.1802732385E+002         5.2961312340E+002         2.0657362816E+000         2.1035258348E+000         1.4139818839E+000         
2023-07-06                16:48:19.566              186.36689314              4472.805435               187.36689314              1688662099.567            0                         963                       1.3998896434E+002         4.5002525330E+001         3.5187500000E+001         4.5307265307E+001         4.5001249727E+001         2.0000000000E+000         1.6000000000E+001         3.0946923880E+004         0.0000000000E+000         5.1802732385E+002         5.2961312340E+002         2.0657080258E+000         2.1035258348E+000         1.4139818839E+000         
2023-07-06                16:48:20.476              186.36690366              4472.805688               187.36690366              1688662100.476            0                         963                       1.3999846867E+002         4.5002525330E+001         3.5187500000E+001         4.5307304382E+001         4.5001152039E+001         1.0000000000E+000         1.6000000000E+001         3.0949166507E+004         0.0000000000E+000         5.1674934784E+002         5.2961312340E+002         2.0657080258E+000         2.1035258348E+000         1.4139818839E+000         
2023-07-06                16:48:20.982              186.36690951              4472.805828               187.36690951              1688662100.982            0                         963                       1.3995903015E+002         4.5002525330E+001         3.5187500000E+001         4.5307304382E+001         4.5001152039E+001         3.0000000000E+000         1.6000000000E+001         3.0938798828E+004         0.0000000000E+000         5.1674934784E+002         5.2831070334E+002         2.0657080258E+000         2.1035105827E+000         1.4158199736E+000         
2023-07-06                16:48:22.540              186.36692756              4472.806261               187.36692756              1688662102.541            0                         963                       1.3998702309E+002         4.5002525330E+001         3.5187500000E+001         4.5307304382E+001         4.5001152039E+001         2.0000000000E+000         1.6000000000E+001         3.0948035322E+004         0.0000000000E+000         5.1674934784E+002         5.2831070334E+002         2.0650657890E+000         2.1035105827E+000         1.4158199736E+000         
2023-07-06                16:48:23.446              186.36693803              4472.806513               187.36693803              1688662103.446            0                         963                       1.4002856803E+002         4.5002525330E+001         3.5187500000E+001         4.5307304382E+001         4.5001152039E+001         1.0000000000E+000         1.6000000000E+001         3.0958347940E+004         0.0000000000E+000         5.1248084870E+002         5.2831070334E+002         2.0650657890E+000         2.1035105827E+000         1.4158199736E+000         
2023-07-06                16:48:23.948              186.36694385              4472.806652               187.36694385              1688662103.949            0                         963                       1.4000852027E+002         4.5002525330E+001         3.5187500000E+001         4.5307304382E+001         4.5001152039E+001         3.0000000000E+000         1.6000000000E+001         3.0955105769E+004         0.0000000000E+000         5.1248084870E+002         5.2394246436E+002         2.0650657890E+000         2.1028426296E+000         1.4129537411E+000         
2023-07-06                16:48:25.512              186.36696194              4472.807087               187.36696194              1688662105.512            0                         963                       1.3999268177E+002         4.5002342224E+001         3.5187500000E+001         4.5307243347E+001         4.5001365662E+001         2.0000000000E+000         1.6000000000E+001         3.0947658530E+004         0.0000000000E+000         5.1248084870E+002         5.2394246436E+002         2.0653027550E+000         2.1028426296E+000         1.4129537411E+000         
2023-07-06                16:48:26.428              186.36697256              4472.807341               187.36697256              1688662106.429            0                         963                       1.4000426310E+002         4.5002342224E+001         3.5187500000E+001         4.5307243347E+001         4.5001365662E+001         1.0000000000E+000         1.6000000000E+001         3.0951840944E+004         0.0000000000E+000         5.1030504454E+002         5.2394246436E+002         2.0653027550E+000         2.1028426296E+000         1.4129537411E+000         
2023-07-06                16:48:26.937              186.36697845              4472.807483               187.36697845              1688662106.938            0                         963                       1.3998131972E+002         4.5002342224E+001         3.5187500000E+001         4.5307243347E+001         4.5001365662E+001         3.0000000000E+000         1.6000000000E+001         3.0945443359E+004         0.0000000000E+000         5.1030504454E+002         5.2169581186E+002         2.0653027550E+000         2.1030105389E+000         1.4104161166E+000         
2023-07-06                16:48:28.486              186.36699638              4472.807913               187.36699638              1688662108.487            0                         963                       1.4002491680E+002         4.5002342224E+001         3.5187500000E+001         4.5307243347E+001         4.5001365662E+001         2.0000000000E+000         1.6000000000E+001         3.0959128139E+004         0.0000000000E+000         5.1030504454E+002         5.2169581186E+002         2.0655208973E+000         2.1030105389E+000         1.4104161166E+000         
2023-07-06                16:48:29.398              186.36700693              4472.808166               187.36700693              1688662109.399            0                         963                       1.3999717493E+002         4.5002331096E+001         3.5204074586E+001         4.5307243347E+001         4.5001326714E+001         1.0000000000E+000         1.6000000000E+001         3.0951408861E+004         0.0000000000E+000         5.0989355617E+002         5.2169581186E+002         2.0655208973E+000         2.1030105389E+000         1.4104161166E+000         
2023-07-06                16:48:29.907              186.36701281              4472.808308               187.36701281              1688662109.907            0                         963                       1.3999156189E+002         4.5002281189E+001         3.5187500000E+001         4.5307243347E+001         4.5001152039E+001         3.0000000000E+000         1.6000000000E+001         3.0949925781E+004         0.0000000000E+000         5.0989355617E+002         5.2127136428E+002         2.0655208973E+000         2.1032201678E+000         1.4120336587E+000         
2023-07-06                16:48:31.447              186.36703065              4472.808736               187.36703065              1688662111.448            0                         963                       1.3996810275E+002         4.5002281189E+001         3.5187500000E+001         4.5307243347E+001         4.5001152039E+001         2.0000000000E+000         1.6000000000E+001         3.0941362568E+004         0.0000000000E+000         5.0989355617E+002         5.2127136428E+002         2.0655412887E+000         2.1032201678E+000         1.4120336587E+000         
2023-07-06                16:48:32.359              186.36704120              4472.808989               187.36704120              1688662112.360            0                         963                       1.3999457887E+002         4.5002281189E+001         3.5215432961E+001         4.5307243347E+001         4.5001152039E+001         1.0000000000E+000         1.6000000000E+001         3.0948275554E+004         0.0000000000E+000         5.0943407625E+002         5.2127136428E+002         2.0655412887E+000         2.1032201678E+000         1.4120336587E+000         
2023-07-06                16:48:32.861              186.36704700              4472.809128               187.36704700              1688662112.861            0                         963                       1.3999809265E+002         4.5002281189E+001         3.5187500000E+001         4.5307243347E+001         4.5001152039E+001         3.0000000000E+000         1.6000000000E+001         3.0950273438E+004         0.0000000000E+000         5.0943407625E+002         5.2080834391E+002         2.0655412887E+000         2.1032631762E+000         1.4120538329E+000         
2023-07-06                16:48:34.394              186.36706475              4472.809554               187.36706475              1688662114.394            0                         963                       1.4000785545E+002         4.5002314129E+001         3.5187500000E+001         4.5307215897E+001         4.5001146549E+001         2.0000000000E+000         1.6000000000E+001         3.0952063223E+004         0.0000000000E+000         5.0943407625E+002         5.2080834391E+002         2.0656946947E+000         2.1032631762E+000         1.4120538329E+000         
2023-07-06                16:48:35.302              186.36707525              4472.809806               187.36707525              1688662115.302            0                         963                       1.4000263636E+002         4.5002464294E+001         3.5187500000E+001         4.5307090759E+001         4.5001121521E+001         1.0000000000E+000         1.6000000000E+001         3.0951304120E+004         0.0000000000E+000         5.0885471795E+002         5.2080834391E+002         2.0656946947E+000         2.1032631762E+000         1.4120538329E+000         
2023-07-06                16:48:35.808              186.36708111              4472.809947               187.36708111              1688662115.808            0                         963                       1.4002787781E+002         4.5002464294E+001         3.5187500000E+001         4.5307090759E+001         4.5001121521E+001         3.0000000000E+000         1.6000000000E+001         3.0957449219E+004         0.0000000000E+000         5.0885471795E+002         5.2021181225E+002         2.0656946947E+000         2.1034053226E+000         1.4109985093E+000         
2023-07-06                16:48:37.358              186.36709906              4472.810377               187.36709906              1688662117.359            0                         963                       1.4001115425E+002         4.5002464294E+001         3.5207460733E+001         4.5307090759E+001         4.5001121521E+001         2.0000000000E+000         1.6000000000E+001         3.0956045045E+004         0.0000000000E+000         5.0885471795E+002         5.2021181225E+002         2.0654099942E+000         2.1034053226E+000         1.4109985093E+000         
2023-07-06                16:48:38.276              186.36710969              4472.810632               187.36710969              1688662118.277            0                         963                       1.3997606250E+002         4.5002464294E+001         3.5209599448E+001         4.5307090759E+001         4.5001121521E+001         1.0000000000E+000         1.6000000000E+001         3.0944985217E+004         0.0000000000E+000         5.0854704594E+002         5.2021181225E+002         2.0654099942E+000         2.1034053226E+000         1.4109985093E+000         
2023-07-06                16:48:38.783              186.36711556              4472.810773               187.36711556              1688662118.784            0                         963                       1.3997663879E+002         4.5002464294E+001         3.5250000000E+001         4.5307090759E+001         4.5001121521E+001         3.0000000000E+000         1.6000000000E+001         3.0943978516E+004         0.0000000000E+000         5.0854704594E+002         5.1989053275E+002         2.0654099942E+000         2.1030930490E+000         1.4104063058E+000         
2023-07-06                16:48:40.331              186.36713346              4472.811203               187.36713346              1688662120.331            0                         963                       1.3999670290E+002         4.5002464294E+001         3.5187500000E+001         4.5307289843E+001         4.5001079340E+001         2.0000000000E+000         1.6000000000E+001         3.0950951929E+004         0.0000000000E+000         5.0854704594E+002         5.1989053275E+002         2.0651515863E+000         2.1030930490E+000         1.4104063058E+000         
2023-07-06                16:48:41.244              186.36714404              4472.811457               187.36714404              1688662121.245            0                         963                       1.4000226538E+002         4.5002464294E+001         3.5206146409E+001         4.5307304382E+001         4.5001060486E+001         1.0000000000E+000         1.6000000000E+001         3.0951952575E+004         0.0000000000E+000         5.0815496911E+002         5.1989053275E+002         2.0651515863E+000         2.1030930490E+000         1.4104063058E+000         
2023-07-06                16:48:41.750              186.36714990              4472.811597               187.36714990              1688662121.751            0                         963                       1.3996667480E+002         4.5002464294E+001         3.5250000000E+001         4.5307304382E+001         4.5001060486E+001         3.0000000000E+000         1.6000000000E+001         3.0941892578E+004         0.0000000000E+000         5.0815496911E+002         5.1948438253E+002         2.0651515863E+000         2.1028122290E+000         1.4096952651E+000         
2023-07-06                16:48:43.282              186.36716762              4472.812023               187.36716762              1688662123.282            0                         963                       1.3999241969E+002         4.5002464294E+001         3.5250000000E+001         4.5307304382E+001         4.5001060486E+001         2.0000000000E+000         1.6000000000E+001         3.0948671865E+004         0.0000000000E+000         5.0815496911E+002         5.1948438253E+002         2.0655025005E+000         2.1028122290E+000         1.4096952651E+000         
2023-07-06                16:48:44.181              186.36717803              4472.812273               187.36717803              1688662124.182            0                         963                       1.4000806517E+002         4.5002464294E+001         3.5250000000E+001         4.5307304382E+001         4.5001060486E+001         1.0000000000E+000         1.6000000000E+001         3.0953211974E+004         0.0000000000E+000         5.0786519352E+002         5.1948438253E+002         2.0655025005E+000         2.1028122290E+000         1.4096952651E+000         
2023-07-06                16:48:44.683              186.36718383              4472.812412               187.36718383              1688662124.683            0                         963                       1.3999273682E+002         4.5002464294E+001         3.5250000000E+001         4.5307304382E+001         4.5001060486E+001         3.0000000000E+000         1.6000000000E+001         3.0948728516E+004         0.0000000000E+000         5.0786519352E+002         5.1918619741E+002         2.0655025005E+000         2.1031630640E+000         1.4099292930E+000         
2023-07-06                16:48:46.211              186.36720153              4472.812837               187.36720153              1688662126.212            0                         963                       1.4000067244E+002         4.5002525330E+001         3.5250000000E+001         4.5307090759E+001         4.5001060486E+001         2.0000000000E+000         1.6000000000E+001         3.0952109809E+004         0.0000000000E+000         5.0786519352E+002         5.1918619741E+002         2.0654866901E+000         2.1031630640E+000         1.4099292930E+000         
2023-07-06                16:48:47.124              186.36721208              4472.813090               187.36721208              1688662127.124            0                         963                       1.3998964815E+002         4.5002525330E+001         3.5250000000E+001         4.5307090759E+001         4.5001060486E+001         1.0000000000E+000         1.6000000000E+001         3.0947169540E+004         0.0000000000E+000         5.0758509483E+002         5.1918619741E+002         2.0654866901E+000         2.1031630640E+000         1.4099292930E+000         
2023-07-06                16:48:47.625              186.36721788              4472.813229               187.36721788              1688662127.625            0                         963                       1.4005325317E+002         4.5002525330E+001         3.5250000000E+001         4.5307090759E+001         4.5001060486E+001         3.0000000000E+000         1.6000000000E+001         3.0964660156E+004         0.0000000000E+000         5.0758509483E+002         5.1889969438E+002         2.0654866901E+000         2.1031464313E+000         1.4096559449E+000         
2023-07-06                16:48:49.178              186.36723587              4472.813661               187.36723587              1688662129.179            0                         963                       1.3999935386E+002         4.5002525330E+001         3.5250000000E+001         4.5307090759E+001         4.5001060486E+001         2.0000000000E+000         1.6000000000E+001         3.0952506330E+004         0.0000000000E+000         5.0758509483E+002         5.1889969438E+002         2.0655247368E+000         2.1031464313E+000         1.4096559449E+000         
2023-07-06                16:48:50.095              186.36724648              4472.813916               187.36724648              1688662130.096            0                         963                       1.4001083408E+002         4.5002437823E+001         3.5250000000E+001         4.5307294940E+001         4.5001031317E+001         1.0000000000E+000         1.6000000000E+001         3.0955301526E+004         0.0000000000E+000         5.0702231140E+002         5.1889969438E+002         2.0655247368E+000         2.1031464313E+000         1.4096559449E+000         
2023-07-06                16:48:50.609              186.36725243              4472.814058               187.36725243              1688662130.610            0                         963                       1.3999136353E+002         4.5002433777E+001         3.5250000000E+001         4.5307304382E+001         4.5001029968E+001         3.0000000000E+000         1.6000000000E+001         3.0951601563E+004         0.0000000000E+000         5.0702231140E+002         5.1832166285E+002         2.0655247368E+000         2.1031761712E+000         1.4092666056E+000         
2023-07-06                16:48:52.155              186.36727032              4472.814488               187.36727032              1688662132.156            0                         963                       1.3998755993E+002         4.5002433777E+001         3.5250000000E+001         4.5307304382E+001         4.5001029968E+001         2.0000000000E+000         1.6000000000E+001         3.0948388048E+004         0.0000000000E+000         5.0702231140E+002         5.1832166285E+002         2.0651425285E+000         2.1031761712E+000         1.4092666056E+000         
2023-07-06                16:48:53.072              186.36728094              4472.814742               187.36728094              1688662133.073            0                         963                       1.3999484101E+002         4.5002433777E+001         3.5250000000E+001         4.5307304382E+001         4.5001029968E+001         1.0000000000E+000         1.6000000000E+001         3.0951178026E+004         0.0000000000E+000         5.0662453056E+002         5.1832166285E+002         2.0651425285E+000         2.1031761712E+000         1.4092666056E+000         
2023-07-06                16:48:53.582              186.36728683              4472.814884               187.36728683              1688662133.582            0                         963                       1.4000497437E+002         4.5002433777E+001         3.5250000000E+001         4.5307304382E+001         4.5001029968E+001         3.0000000000E+000         1.6000000000E+001         3.0952437500E+004         0.0000000000E+000         5.0662453056E+002         5.1790956747E+002         2.0651425285E+000         2.1027688390E+000         1.4083188296E+000         
2023-07-06                16:48:55.114              186.36730456              4472.815309               187.36730456              1688662135.114            0                         963                       1.4001199163E+002         4.5002344162E+001         3.5250000000E+001         4.5307155024E+001         4.5001029968E+001         2.0000000000E+000         1.6000000000E+001         3.0954272683E+004         0.0000000000E+000         5.0662453056E+002         5.1790956747E+002         2.0658856002E+000         2.1027688390E+000         1.4083188296E+000         
2023-07-06                16:48:56.013              186.36731497              4472.815559               187.36731497              1688662136.013            0                         963                       1.3999785345E+002         4.5002342224E+001         3.5250000000E+001         4.5307151794E+001         4.5001029968E+001         1.0000000000E+000         1.6000000000E+001         3.0952157745E+004         0.0000000000E+000         5.0625616105E+002         5.1790956747E+002         2.0658856002E+000         2.1027688390E+000         1.4083188296E+000         
2023-07-06                16:48:56.513              186.36732076              4472.815698               187.36732076              1688662136.514            0                         963                       1.4000958252E+002         4.5002342224E+001         3.5250000000E+001         4.5307151794E+001         4.5001029968E+001         3.0000000000E+000         1.6000000000E+001         3.0955279297E+004         0.0000000000E+000         5.0625616105E+002         5.1753512787E+002         2.0658856002E+000         2.1035325712E+000         1.4097909221E+000         
2023-07-06                16:48:58.042              186.36733845              4472.816123               187.36733845              1688662138.042            0                         963                       1.4000647627E+002         4.5002342224E+001         3.5250000000E+001         4.5307151794E+001         4.5001029968E+001         2.0000000000E+000         1.6000000000E+001         3.0953312779E+004         0.0000000000E+000         5.0625616105E+002         5.1753512787E+002         2.0654049742E+000         2.1035325712E+000         1.4097909221E+000         
2023-07-06                16:48:58.946              186.36734891              4472.816374               187.36734891              1688662138.946            0                         963                       1.4000624425E+002         4.5002342224E+001         3.5250000000E+001         4.5307151794E+001         4.5001029968E+001         1.0000000000E+000         1.6000000000E+001         3.0953694036E+004         0.0000000000E+000         5.0609304757E+002         5.1753512787E+002         2.0654049742E+000         2.1035325712E+000         1.4097909221E+000         
2023-07-06                16:48:59.447              186.36735471              4472.816513               187.36735471              1688662139.447            0                         963                       1.3999629798E+002         4.5002342224E+001         3.5250000000E+001         4.5307151794E+001         4.5001029968E+001         3.0000000000E+000         1.6000000000E+001         3.0951323618E+004         0.0000000000E+000         5.0609304757E+002         5.1737379799E+002         2.0654049742E+000         2.1030612580E+000         1.4096494432E+000         
2023-07-06                16:49:00.993              186.36737260              4472.816943               187.36737260              1688662140.993            0                         963                       1.3999409661E+002         4.5002281189E+001         3.5250000000E+001         4.5307090759E+001         4.5000938416E+001         2.0000000000E+000         1.6000000000E+001         3.0949821263E+004         0.0000000000E+000         5.0609304757E+002         5.1737379799E+002         2.0656899030E+000         2.1030612580E+000         1.4096494432E+000         
2023-07-06                16:49:01.914              186.36738326              4472.817198               187.36738326              1688662141.914            0                         963                       1.4000518192E+002         4.5002281189E+001         3.5250000000E+001         4.5307090759E+001         4.5000938416E+001         1.0000000000E+000         1.6000000000E+001         3.0952546735E+004         0.0000000000E+000         5.0564534631E+002         5.1737379799E+002         2.0656899030E+000         2.1030612580E+000         1.4096494432E+000         
2023-07-06                16:49:02.423              186.36738916              4472.817340               187.36738916              1688662142.423            0                         963                       1.3999258305E+002         4.5002281189E+001         3.5250000000E+001         4.5307090759E+001         4.5000938416E+001         3.0000000000E+000         1.6000000000E+001         3.0948797326E+004         0.0000000000E+000         5.0564534631E+002         5.1691206644E+002         2.0656899030E+000         2.1033378548E+000         1.4087950535E+000         
2023-07-06                16:49:03.971              186.36740708              4472.817770               187.36740708              1688662143.972            0                         963                       1.4000324093E+002         4.5002281189E+001         3.5250000000E+001         4.5307090759E+001         4.5000938416E+001         2.0000000000E+000         1.6000000000E+001         3.0951615020E+004         0.0000000000E+000         5.0564534631E+002         5.1691206644E+002         2.0658361021E+000         2.1033378548E+000         1.4087950535E+000         
2023-07-06                16:49:04.888              186.36741769              4472.818024               187.36741769              1688662144.888            0                         963                       1.3999000676E+002         4.5002419783E+001         3.5250000000E+001         4.5307021462E+001         4.5000846020E+001         1.0000000000E+000         1.6000000000E+001         3.0948834707E+004         0.0000000000E+000         5.0544075244E+002         5.1691206644E+002         2.0658361021E+000         2.1033378548E+000         1.4087950535E+000         
2023-07-06                16:49:05.394              186.36742354              4472.818165               187.36742354              1688662145.394            0                         963                       1.3999273682E+002         4.5002464294E+001         3.5250000000E+001         4.5306999207E+001         4.5000816345E+001         3.0000000000E+000         1.6000000000E+001         3.0950957031E+004         0.0000000000E+000         5.0544075244E+002         5.1670480868E+002         2.0658361021E+000         2.1034930484E+000         1.4101154588E+000         
2023-07-06                16:49:06.937              186.36744140              4472.818594               187.36744140              1688662146.937            0                         963                       1.4000651381E+002         4.5002464294E+001         3.5250000000E+001         4.5306999207E+001         4.5000816345E+001         2.0000000000E+000         1.6000000000E+001         3.0953653604E+004         0.0000000000E+000         5.0544075244E+002         5.1670480868E+002         2.0655713902E+000         2.1034930484E+000         1.4101154588E+000         
2023-07-06                16:49:07.845              186.36745192              4472.818846               187.36745192              1688662147.846            0                         963                       1.3999882311E+002         4.5002464294E+001         3.5250000000E+001         4.5306999207E+001         4.5000816345E+001         1.0000000000E+000         1.6000000000E+001         3.0952456267E+004         0.0000000000E+000         5.0500471595E+002         5.1670480868E+002         2.0655713902E+000         2.1034930484E+000         1.4101154588E+000         
2023-07-06                16:49:08.355              186.36745782              4472.818988               187.36745782              1688662148.356            0                         963                       1.4000644919E+002         4.5002464294E+001         3.5250000000E+001         4.5306999207E+001         4.5000816345E+001         3.0000000000E+000         1.6000000000E+001         3.0953331130E+004         0.0000000000E+000         5.0500471595E+002         5.1626632772E+002         2.0655713902E+000         2.1032478251E+000         1.4105851680E+000         
2023-07-06                16:49:09.884              186.36747552              4472.819412               187.36747552              1688662149.885            0                         963                       1.3998507957E+002         4.5002441850E+001         3.5250000000E+001         4.5306999207E+001         4.5000749013E+001         2.0000000000E+000         1.6000000000E+001         3.0949159629E+004         0.0000000000E+000         5.0500471595E+002         5.1626632772E+002         2.0655632897E+000         2.1032478251E+000         1.4105851680E+000         
2023-07-06                16:49:10.790              186.36748601              4472.819664               187.36748601              1688662150.791            0                         963                       1.4000255299E+002         4.5002433777E+001         3.5250000000E+001         4.5306999207E+001         4.5000724792E+001         1.0000000000E+000         1.6000000000E+001         3.0953699830E+004         0.0000000000E+000         5.0462585060E+002         5.1626632772E+002         2.0655632897E+000         2.1032478251E+000         1.4105851680E+000         
2023-07-06                16:49:11.295              186.36749184              4472.819804               187.36749184              1688662151.295            0                         963                       1.3998585510E+002         4.5002433777E+001         3.5250000000E+001         4.5306999207E+001         4.5000724792E+001         3.0000000000E+000         1.6000000000E+001         3.0950732422E+004         0.0000000000E+000         5.0462585060E+002         5.1587035826E+002         2.0655632897E+000         2.1032106194E+000         1.4079835096E+000         
2023-07-06                16:49:12.841              186.36750973              4472.820234               187.36750973              1688662152.841            0                         963                       1.4001817737E+002         4.5002433777E+001         3.5250000000E+001         4.5306999207E+001         4.5000724792E+001         2.0000000000E+000         1.6000000000E+001         3.0959127014E+004         0.0000000000E+000         5.0462585060E+002         5.1587035826E+002         2.0651682237E+000         2.1032106194E+000         1.4079835096E+000         
2023-07-06                16:49:13.770              186.36752050              4472.820492               187.36752050              1688662153.771            0                         963                       1.3998815589E+002         4.5002433777E+001         3.5250000000E+001         4.5306999207E+001         4.5000724792E+001         1.0000000000E+000         1.6000000000E+001         3.0948037638E+004         0.0000000000E+000         5.0441837807E+002         5.1587035826E+002         2.0651682237E+000         2.1032106194E+000         1.4079835096E+000         
2023-07-06                16:49:14.279              186.36752638              4472.820633               187.36752638              1688662154.279            0                         963                       1.4001274109E+002         4.5002433777E+001         3.5250000000E+001         4.5306999207E+001         4.5000724792E+001         3.0000000000E+000         1.6000000000E+001         3.0954984375E+004         0.0000000000E+000         5.0441837807E+002         5.1564998075E+002         2.0651682237E+000         2.1027806388E+000         1.4085441492E+000         
2023-07-06                16:49:15.818              186.36754419              4472.821061               187.36754419              1688662155.818            0                         963                       1.3999207430E+002         4.5002464294E+001         3.5273232984E+001         4.5306999207E+001         4.5000846863E+001         2.0000000000E+000         1.6000000000E+001         3.0949349272E+004         0.0000000000E+000         5.0441837807E+002         5.1564998075E+002         2.0655700302E+000         2.1027806388E+000         1.4085441492E+000         
2023-07-06                16:49:16.729              186.36755473              4472.821314               187.36755473              1688662156.729            0                         963                       1.4000931806E+002         4.5002464294E+001         3.5250000000E+001         4.5306999207E+001         4.5000846863E+001         1.0000000000E+000         1.6000000000E+001         3.0953967962E+004         0.0000000000E+000         5.0427587226E+002         5.1564998075E+002         2.0655700302E+000         2.1027806388E+000         1.4085441492E+000         
2023-07-06                16:49:17.234              186.36756059              4472.821454               187.36756059              1688662157.235            0                         963                       1.4000072538E+002         4.5002464294E+001         3.5250000000E+001         4.5306999207E+001         4.5000846863E+001         3.0000000000E+000         1.6000000000E+001         3.0952437951E+004         0.0000000000E+000         5.0427587226E+002         5.1550207632E+002         2.0655700302E+000         2.1031823125E+000         1.4074349189E+000         
2023-07-06                16:49:18.766              186.36757831              4472.821879               187.36757831              1688662158.766            0                         963                       1.3999120012E+002         4.5002464294E+001         3.5258267196E+001         4.5306999207E+001         4.5000846863E+001         2.0000000000E+000         1.6000000000E+001         3.0948830574E+004         0.0000000000E+000         5.0427587226E+002         5.1550207632E+002         2.0655585417E+000         2.1031823125E+000         1.4074349189E+000         
2023-07-06                16:49:19.670              186.36758877              4472.822131               187.36758877              1688662159.670            0                         963                       1.4001951446E+002         4.5002480661E+001         3.5298882682E+001         4.5306971928E+001         4.5000841407E+001         1.0000000000E+000         1.6000000000E+001         3.0955539052E+004         0.0000000000E+000         5.0367369512E+002         5.1550207632E+002         2.0655585417E+000         2.1031823125E+000         1.4074349189E+000         
2023-07-06                16:49:20.173              186.36759459              4472.822270               187.36759459              1688662160.173            0                         963                       1.4001484445E+002         4.5002555847E+001         3.5276442308E+001         4.5306846619E+001         4.5000816345E+001         3.0000000000E+000         1.6000000000E+001         3.0956795072E+004         0.0000000000E+000         5.0367369512E+002         5.1489205423E+002         2.0655585417E+000         2.1031892539E+000         1.4099166036E+000         
2023-07-06                16:49:21.732              186.36761264              4472.822703               187.36761264              1688662161.732            0                         963                       1.3999898129E+002         4.5002555847E+001         3.5312500000E+001         4.5306846619E+001         4.5000816345E+001         2.0000000000E+000         1.6000000000E+001         3.0950833395E+004         0.0000000000E+000         5.0367369512E+002         5.1489205423E+002         2.0656225618E+000         2.1031892539E+000         1.4099166036E+000         
2023-07-06                16:49:22.640              186.36762315              4472.822956               187.36762315              1688662162.640            0                         963                       1.4000486039E+002         4.5002555847E+001         3.5282821229E+001         4.5306846619E+001         4.5000816345E+001         1.0000000000E+000         1.6000000000E+001         3.0953302145E+004         0.0000000000E+000         5.0346419625E+002         5.1489205423E+002         2.0656225618E+000         2.1031892539E+000         1.4099166036E+000         
2023-07-06                16:49:23.153              186.36762909              4472.823098               187.36762909              1688662163.153            0                         963                       1.3996965438E+002         4.5002555847E+001         3.5250000000E+001         4.5306846619E+001         4.5000816345E+001         3.0000000000E+000         1.6000000000E+001         3.0943706881E+004         0.0000000000E+000         5.0346419625E+002         5.1468343192E+002         2.0656225618E+000         2.1032730275E+000         1.4088033442E+000         
2023-07-06                16:49:24.703              186.36764704              4472.823529               187.36764704              1688662164.704            0                         963                       1.3999937926E+002         4.5002656507E+001         3.5312500000E+001         4.5306880172E+001         4.5000732462E+001         2.0000000000E+000         1.6000000000E+001         3.0952249223E+004         0.0000000000E+000         5.0346419625E+002         5.1468343192E+002         2.0656003081E+000         2.1032730275E+000         1.4088033442E+000         
2023-07-06                16:49:25.622              186.36765767              4472.823784               187.36765767              1688662165.623            0                         963                       1.4000045254E+002         4.5002738953E+001         3.5312500000E+001         4.5306907654E+001         4.5000663757E+001         1.0000000000E+000         1.6000000000E+001         3.0952844581E+004         0.0000000000E+000         5.0336242954E+002         5.1468343192E+002         2.0656003081E+000         2.1032730275E+000         1.4088033442E+000         
2023-07-06                16:49:26.134              186.36766359              4472.823926               187.36766359              1688662166.134            0                         963                       1.4000658123E+002         4.5002738953E+001         3.5312500000E+001         4.5306907654E+001         4.5000663757E+001         3.0000000000E+000         1.6000000000E+001         3.0954526668E+004         0.0000000000E+000         5.0336242954E+002         5.1457989945E+002         2.0656003081E+000         2.1032520519E+000         1.4100405802E+000         
2023-07-06                16:49:27.674              186.36768142              4472.824354               187.36768142              1688662167.675            0                         963                       1.4000770824E+002         4.5002738953E+001         3.5312500000E+001         4.5306907654E+001         4.5000663757E+001         2.0000000000E+000         1.6000000000E+001         3.0954786823E+004         0.0000000000E+000         5.0336242954E+002         5.1457989945E+002         2.0654319326E+000         2.1032520519E+000         1.4100405802E+000         
2023-07-06                16:49:28.584              186.36769194              4472.824607               187.36769194              1688662168.584            0                         963                       1.4000761574E+002         4.5002738953E+001         3.5312500000E+001         4.5306907654E+001         4.5000663757E+001         1.0000000000E+000         1.6000000000E+001         3.0954217250E+004         0.0000000000E+000         5.0287113124E+002         5.1457989945E+002         2.0654319326E+000         2.1032520519E+000         1.4100405802E+000         
2023-07-06                16:49:29.095              186.36769786              4472.824749               187.36769786              1688662169.095            0                         963                       1.3997732544E+002         4.5002738953E+001         3.5312500000E+001         4.5306907654E+001         4.5000663757E+001         3.0000000000E+000         1.6000000000E+001         3.0944882813E+004         0.0000000000E+000         5.0287113124E+002         5.1408790542E+002         2.0654319326E+000         2.1031150268E+000         1.4113376822E+000         
2023-07-06                16:49:30.634              186.36771568              4472.825176               187.36771568              1688662170.635            0                         963                       1.4001286058E+002         4.5002616882E+001         3.5312500000E+001         4.5306999207E+001         4.5000602722E+001         2.0000000000E+000         1.6000000000E+001         3.0955663318E+004         0.0000000000E+000         5.0287113124E+002         5.1408790542E+002         2.0657014756E+000         2.1031150268E+000         1.4113376822E+000         
2023-07-06                16:49:31.536              186.36772611              4472.825427               187.36772611              1688662171.536            0                         963                       1.4000318602E+002         4.5002616882E+001         3.5312500000E+001         4.5306999207E+001         4.5000602722E+001         1.0000000000E+000         1.6000000000E+001         3.0953944200E+004         0.0000000000E+000         5.0275277010E+002         5.1408790542E+002         2.0657014756E+000         2.1031150268E+000         1.4113376822E+000         
2023-07-06                16:49:32.042              186.36773197              4472.825567               187.36773197              1688662172.042            0                         963                       1.3998606873E+002         4.5002616882E+001         3.5312500000E+001         4.5306999207E+001         4.5000602722E+001         3.0000000000E+000         1.6000000000E+001         3.0948865234E+004         0.0000000000E+000         5.0275277010E+002         5.1396591236E+002         2.0657014756E+000         2.1033861566E+000         1.4097953732E+000         
2023-07-06                16:49:33.585              186.36774984              4472.825996               187.36774984              1688662173.586            0                         963                       1.4001263735E+002         4.5002616882E+001         3.5312500000E+001         4.5306999207E+001         4.5000602722E+001         2.0000000000E+000         1.6000000000E+001         3.0955822421E+004         0.0000000000E+000         5.0275277010E+002         5.1396591236E+002         2.0653451095E+000         2.1033861566E+000         1.4097953732E+000         
2023-07-06                16:49:34.505              186.36776047              4472.826251               187.36776047              1688662174.505            0                         963                       1.3998978079E+002         4.5002615859E+001         3.5312500000E+001         4.5306998525E+001         4.5000602040E+001         1.0000000000E+000         1.6000000000E+001         3.0950247927E+004         0.0000000000E+000         5.0226831818E+002         5.1396591236E+002         2.0653451095E+000         2.1033861566E+000         1.4097953732E+000         
2023-07-06                16:49:35.013              186.36776635              4472.826393               187.36776635              1688662175.013            0                         963                       1.3999830627E+002         4.5002525330E+001         3.5312500000E+001         4.5306938171E+001         4.5000541687E+001         3.0000000000E+000         1.6000000000E+001         3.0949109375E+004         0.0000000000E+000         5.0226831818E+002         5.1346167387E+002         2.0653451095E+000         2.1029931028E+000         1.4091148958E+000         
2023-07-06                16:49:36.552              186.36778418              4472.826820               187.36778418              1688662176.553            0                         963                       1.4000230488E+002         4.5002525330E+001         3.5312500000E+001         4.5306938171E+001         4.5000541687E+001         2.0000000000E+000         1.6000000000E+001         3.0953574577E+004         0.0000000000E+000         5.0226831818E+002         5.1346167387E+002         2.0654803310E+000         2.1029931028E+000         1.4091148958E+000         
2023-07-06                16:49:37.463              186.36779472              4472.827073               187.36779472              1688662177.464            0                         963                       1.3999003188E+002         4.5002525330E+001         3.5312500000E+001         4.5306938171E+001         4.5000541687E+001         1.0000000000E+000         1.6000000000E+001         3.0949305108E+004         0.0000000000E+000         5.0208934353E+002         5.1346167387E+002         2.0654803310E+000         2.1029931028E+000         1.4091148958E+000         
2023-07-06                16:49:37.970              186.36780058              4472.827214               187.36780058              1688662177.970            0                         963                       1.4001568193E+002         4.5002525330E+001         3.5312500000E+001         4.5306938171E+001         4.5000541687E+001         3.0000000000E+000         1.6000000000E+001         3.0957219050E+004         0.0000000000E+000         5.0208934353E+002         5.1327664039E+002         2.0654803310E+000         2.1031238282E+000         1.4092828240E+000         
2023-07-06                16:49:39.535              186.36781869              4472.827649               187.36781869              1688662179.535            0                         963                       1.3999551464E+002         4.5002555528E+001         3.5312500000E+001         4.5306837511E+001         4.5000541687E+001         2.0000000000E+000         1.6000000000E+001         3.0950422274E+004         0.0000000000E+000         5.0208934353E+002         5.1327664039E+002         2.0653396602E+000         2.1031238282E+000         1.4092828240E+000         
2023-07-06                16:49:40.448              186.36782927              4472.827902               187.36782927              1688662180.449            0                         963                       1.4002536947E+002         4.5002616882E+001         3.5312500000E+001         4.5306632996E+001         4.5000541687E+001         1.0000000000E+000         1.6000000000E+001         3.0958632942E+004         0.0000000000E+000         5.0175396488E+002         5.1327664039E+002         2.0653396602E+000         2.1031238282E+000         1.4092828240E+000         
2023-07-06                16:49:40.960              186.36783519              4472.828044               187.36783519              1688662180.960            0                         963                       1.4000095309E+002         4.5002616882E+001         3.5312500000E+001         4.5306632996E+001         4.5000541687E+001         3.0000000000E+000         1.6000000000E+001         3.0953056190E+004         0.0000000000E+000         5.0175396488E+002         5.1293323887E+002         2.0653396602E+000         2.1029787427E+000         1.4089786054E+000         
2023-07-06                16:49:42.493              186.36785293              4472.828470               187.36785293              1688662182.493            0                         963                       1.4000604765E+002         4.5002616882E+001         3.5312500000E+001         4.5306632996E+001         4.5000541687E+001         2.0000000000E+000         1.6000000000E+001         3.0953325335E+004         0.0000000000E+000         5.0175396488E+002         5.1293323887E+002         2.0654210654E+000         2.1029787427E+000         1.4089786054E+000         
2023-07-06                16:49:43.403              186.36786346              4472.828723               187.36786346              1688662183.403            0                         963                       1.4000325549E+002         4.5002616882E+001         3.5312500000E+001         4.5306632996E+001         4.5000541687E+001         1.0000000000E+000         1.6000000000E+001         3.0951523416E+004         0.0000000000E+000         5.0151478309E+002         5.1293323887E+002         2.0654210654E+000         2.1029787427E+000         1.4089786054E+000         
2023-07-06                16:49:43.911              186.36786935              4472.828864               187.36786935              1688662183.912            0                         963                       1.4003640747E+002         4.5002616882E+001         3.5312500000E+001         4.5306632996E+001         4.5000541687E+001         3.0000000000E+000         1.6000000000E+001         3.0961421875E+004         0.0000000000E+000         5.0151478309E+002         5.1268932023E+002         2.0654210654E+000         2.1030636249E+000         1.4094296106E+000         
2023-07-06                16:49:45.470              186.36788740              4472.829297               187.36788740              1688662185.471            0                         963                       1.4000288706E+002         4.5002555847E+001         3.5312500000E+001         4.5306938171E+001         4.5000511169E+001         2.0000000000E+000         1.6000000000E+001         3.0951536572E+004         0.0000000000E+000         5.0151478309E+002         5.1268932023E+002         2.0658035280E+000         2.1030636249E+000         1.4094296106E+000         
2023-07-06                16:49:46.375              186.36789787              4472.829549               187.36789787              1688662186.376            0                         963                       1.4000523769E+002         4.5002555847E+001         3.5312500000E+001         4.5306938171E+001         4.5000511169E+001         1.0000000000E+000         1.6000000000E+001         3.0953236405E+004         0.0000000000E+000         5.0116756278E+002         5.1268932023E+002         2.0658035280E+000         2.1030636249E+000         1.4094296106E+000         
2023-07-06                16:49:46.881              186.36790373              4472.829689               187.36790373              1688662186.882            0                         963                       1.4001541842E+002         4.5002555847E+001         3.5312500000E+001         4.5306938171E+001         4.5000511169E+001         3.0000000000E+000         1.6000000000E+001         3.0956478966E+004         0.0000000000E+000         5.0116756278E+002         5.1233727145E+002         2.0658035280E+000         2.1034628557E+000         1.4096999022E+000         
2023-07-06                16:49:48.427              186.36792162              4472.830119               187.36792162              1688662188.428            0                         963                       1.3999587477E+002         4.5002555847E+001         3.5312500000E+001         4.5306938171E+001         4.5000511169E+001         2.0000000000E+000         1.6000000000E+001         3.0953424084E+004         0.0000000000E+000         5.0116756278E+002         5.1233727145E+002         2.0653238653E+000         2.1034628557E+000         1.4096999022E+000         
2023-07-06                16:49:49.346              186.36793226              4472.830374               187.36793226              1688662189.347            0                         963                       1.4001533146E+002         4.5002555847E+001         3.5312500000E+001         4.5306938171E+001         4.5000511169E+001         1.0000000000E+000         1.6000000000E+001         3.0957607821E+004         0.0000000000E+000         5.0085728431E+002         5.1233727145E+002         2.0653238653E+000         2.1034628557E+000         1.4096999022E+000         
2023-07-06                16:49:49.852              186.36793811              4472.830515               187.36793811              1688662189.853            0                         963                       1.3999493408E+002         4.5002555847E+001         3.5312500000E+001         4.5306938171E+001         4.5000511169E+001         3.0000000000E+000         1.6000000000E+001         3.0953150391E+004         0.0000000000E+000         5.0085728431E+002         5.1201386201E+002         2.0653238653E+000         2.1029534996E+000         1.4078870336E+000         
2023-07-06                16:49:51.392              186.36795594              4472.830942               187.36795594              1688662191.393            0                         963                       1.3998801027E+002         4.5002372742E+001         3.5312500000E+001         4.5306846619E+001         4.5000358582E+001         2.0000000000E+000         1.6000000000E+001         3.0950996932E+004         0.0000000000E+000         5.0085728431E+002         5.1201386201E+002         2.0651911240E+000         2.1029534996E+000         1.4078870336E+000         
2023-07-06                16:49:52.325              186.36796674              4472.831202               187.36796674              1688662192.326            0                         963                       1.3999716271E+002         4.5002372742E+001         3.5312500000E+001         4.5306846619E+001         4.5000358582E+001         1.0000000000E+000         1.6000000000E+001         3.0952499299E+004         0.0000000000E+000         5.0044331370E+002         5.1201386201E+002         2.0651911240E+000         2.1029534996E+000         1.4078870336E+000         
2023-07-06                16:49:52.834              186.36797262              4472.831343               187.36797262              1688662192.834            0                         963                       1.3999926758E+002         4.5002372742E+001         3.5312500000E+001         4.5306846619E+001         4.5000358582E+001         3.0000000000E+000         1.6000000000E+001         3.0952572266E+004         0.0000000000E+000         5.0044331370E+002         5.1158357102E+002         2.0651911240E+000         2.1027943945E+000         1.4079364683E+000         
2023-07-06                16:49:54.369              186.36799039              4472.831769               187.36799039              1688662194.370            0                         963                       1.4001182758E+002         4.5002372742E+001         3.5371362434E+001         4.5306846619E+001         4.5000358582E+001         2.0000000000E+000         1.6000000000E+001         3.0957210452E+004         0.0000000000E+000         5.0044331370E+002         5.1158357102E+002         2.0651920972E+000         2.1027943945E+000         1.4079364683E+000         
2023-07-06                16:49:55.279              186.36800093              4472.832022               187.36800093              1688662195.280            0                         963                       1.4000375809E+002         4.5002563690E+001         3.5352653631E+001         4.5306655671E+001         4.5000413138E+001         1.0000000000E+000         1.6000000000E+001         3.0956053105E+004         0.0000000000E+000         5.0028434883E+002         5.1158357102E+002         2.0651920972E+000         2.1027943945E+000         1.4079364683E+000         
2023-07-06                16:49:55.780              186.36800672              4472.832161               187.36800672              1688662195.781            0                         963                       1.3996144104E+002         4.5002586365E+001         3.5312500000E+001         4.5306632996E+001         4.5000419617E+001         3.0000000000E+000         1.6000000000E+001         3.0944140625E+004         0.0000000000E+000         5.0028434883E+002         5.1142737691E+002         2.0651920972E+000         2.1028166737E+000         1.4094547857E+000         
2023-07-06                16:49:57.312              186.36802446              4472.832587               187.36802446              1688662197.313            0                         963                       1.3998670144E+002         4.5002586365E+001         3.5312500000E+001         4.5306632996E+001         4.5000419617E+001         2.0000000000E+000         1.6000000000E+001         3.0950364666E+004         0.0000000000E+000         5.0028434883E+002         5.1142737691E+002         2.0649105465E+000         2.1028166737E+000         1.4094547857E+000         
2023-07-06                16:49:58.221              186.36803498              4472.832839               187.36803498              1688662198.222            0                         963                       1.3999783820E+002         4.5002586365E+001         3.5332402235E+001         4.5306632996E+001         4.5000419617E+001         1.0000000000E+000         1.6000000000E+001         3.0952161902E+004         0.0000000000E+000         4.9987158297E+002         5.1142737691E+002         2.0649105465E+000         2.1028166737E+000         1.4094547857E+000         
2023-07-06                16:49:58.723              186.36804079              4472.832979               187.36804079              1688662198.724            0                         963                       1.3997836304E+002         4.5002586365E+001         3.5312500000E+001         4.5306632996E+001         4.5000419617E+001         3.0000000000E+000         1.6000000000E+001         3.0946447266E+004         0.0000000000E+000         4.9987158297E+002         5.1100594179E+002         2.0649105465E+000         2.1025317643E+000         1.4080668771E+000         
2023-07-06                16:50:00.265              186.36805862              4472.833407               187.36805862              1688662200.265            0                         963                       1.3999753183E+002         4.5002464294E+001         3.5312500000E+001         4.5306602478E+001         4.5000450134E+001         2.0000000000E+000         1.6000000000E+001         3.0953945057E+004         0.0000000000E+000         4.9987158297E+002         5.1100594179E+002         2.0650483263E+000         2.1025317643E+000         1.4080668771E+000         
2023-07-06                16:50:01.190              186.36806933              4472.833664               187.36806933              1688662201.190            0                         963                       1.4000010116E+002         4.5002464294E+001         3.5312500000E+001         4.5306602478E+001         4.5000450134E+001         1.0000000000E+000         1.6000000000E+001         3.0954527236E+004         0.0000000000E+000         4.9941384719E+002         5.1100594179E+002         2.0650483263E+000         2.1025317643E+000         1.4080668771E+000         
2023-07-06                16:50:01.698              186.36807522              4472.833805               187.36807522              1688662201.699            0                         963                       1.4000201416E+002         4.5002464294E+001         3.5312500000E+001         4.5306602478E+001         4.5000450134E+001         3.0000000000E+000         1.6000000000E+001         3.0953494141E+004         0.0000000000E+000         4.9941384719E+002         5.1053364968E+002         2.0650483263E+000         2.1026573172E+000         1.4083694106E+000         
2023-07-06                16:50:03.239              186.36809304              4472.834233               187.36809304              1688662203.239            0                         963                       1.4000509116E+002         4.5002464294E+001         3.5313808901E+001         4.5306602478E+001         4.5000450134E+001         2.0000000000E+000         1.6000000000E+001         3.0954751585E+004         0.0000000000E+000         4.9941384719E+002         5.1053364968E+002         2.0652871665E+000         2.1026573172E+000         1.4083694106E+000         
2023-07-06                16:50:04.167              186.36810378              4472.834491               187.36810378              1688662204.167            0                         963                       1.3999272619E+002         4.5002464294E+001         3.5359116022E+001         4.5306602478E+001         4.5000450134E+001         1.0000000000E+000         1.6000000000E+001         3.0951781660E+004         0.0000000000E+000         4.9919018932E+002         5.1053364968E+002         2.0652871665E+000         2.1026573172E+000         1.4083694106E+000         
2023-07-06                16:50:04.680              186.36810972              4472.834633               187.36810972              1688662204.680            0                         963                       1.4001301575E+002         4.5002464294E+001         3.5312500000E+001         4.5306602478E+001         4.5000450134E+001         3.0000000000E+000         1.6000000000E+001         3.0957664063E+004         0.0000000000E+000         4.9919018932E+002         5.1030234071E+002         2.0652871665E+000         2.1028914743E+000         1.4074017095E+000         
2023-07-06                16:50:06.223              186.36812758              4472.835062               187.36812758              1688662206.223            0                         963                       1.4000194247E+002         4.5002372742E+001         3.5333664021E+001         4.5306694031E+001         4.5000511169E+001         2.0000000000E+000         1.6000000000E+001         3.0955432560E+004         0.0000000000E+000         4.9919018932E+002         5.1030234071E+002         2.0650900587E+000         2.1028914743E+000         1.4074017095E+000         
2023-07-06                16:50:07.135              186.36813815              4472.835316               187.36813815              1688662207.136            0                         963                       1.4000936949E+002         4.5002372742E+001         3.5330656425E+001         4.5306694031E+001         4.5000511169E+001         1.0000000000E+000         1.6000000000E+001         3.0955383598E+004         0.0000000000E+000         4.9895272544E+002         5.1030234071E+002         2.0650900587E+000         2.1028914743E+000         1.4074017095E+000         
2023-07-06                16:50:07.637              186.36814395              4472.835455               187.36814395              1688662207.637            0                         963                       1.4002845999E+002         4.5002372742E+001         3.5312500000E+001         4.5306694031E+001         4.5000511169E+001         3.0000000000E+000         1.6000000000E+001         3.0962779222E+004         0.0000000000E+000         4.9895272544E+002         5.1005826863E+002         2.0650900587E+000         2.1026863048E+000         1.4080400019E+000         
2023-07-06                16:50:09.167              186.36816166              4472.835880               187.36816166              1688662209.167            0                         963                       1.3999416267E+002         4.5002372742E+001         3.5375000000E+001         4.5306694031E+001         4.5000511169E+001         2.0000000000E+000         1.6000000000E+001         3.0951665272E+004         0.0000000000E+000         4.9895272544E+002         5.1005826863E+002         2.0652048220E+000         2.1026863048E+000         1.4080400019E+000         
2023-07-06                16:50:10.068              186.36817208              4472.836130               187.36817208              1688662210.068            0                         963                       1.4002011287E+002         4.5002372742E+001         3.5320879888E+001         4.5306547410E+001         4.5000452521E+001         1.0000000000E+000         1.6000000000E+001         3.0959113314E+004         0.0000000000E+000         4.9865291670E+002         5.1005826863E+002         2.0652048220E+000         2.1026863048E+000         1.4080400019E+000         
2023-07-06                16:50:10.569              186.36817788              4472.836269               187.36817788              1688662210.569            0                         963                       1.3999668591E+002         4.5002372742E+001         3.5375000000E+001         4.5306541443E+001         4.5000450134E+001         3.0000000000E+000         1.6000000000E+001         3.0954991962E+004         0.0000000000E+000         4.9865291670E+002         5.0975261779E+002         2.0652048220E+000         2.1028059703E+000         1.4076088538E+000         
2023-07-06                16:50:12.111              186.36819574              4472.836698               187.36819574              1688662212.112            0                         963                       1.4000433366E+002         4.5002372742E+001         3.5348821990E+001         4.5306541443E+001         4.5000450134E+001         2.0000000000E+000         1.6000000000E+001         3.0955040341E+004         0.0000000000E+000         4.9865291670E+002         5.0975261779E+002         2.0652706686E+000         2.1028059703E+000         1.4076088538E+000         
2023-07-06                16:50:13.029              186.36820635              4472.836953               187.36820635              1688662213.029            0                         963                       1.3998164823E+002         4.5002372742E+001         3.5368439227E+001         4.5306541443E+001         4.5000450134E+001         1.0000000000E+000         1.6000000000E+001         3.0948845282E+004         0.0000000000E+000         4.9841862745E+002         5.0975261779E+002         2.0652706686E+000         2.1028059703E+000         1.4076088538E+000         
2023-07-06                16:50:13.535              186.36821221              4472.837093               187.36821221              1688662213.535            0                         963                       1.4005545044E+002         4.5002372742E+001         3.5375000000E+001         4.5306541443E+001         4.5000450134E+001         3.0000000000E+000         1.6000000000E+001         3.0969751953E+004         0.0000000000E+000         4.9841862745E+002         5.0951134644E+002         2.0652706686E+000         2.1028670315E+000         1.4075993056E+000         
2023-07-06                16:50:15.075              186.36823005              4472.837521               187.36823005              1688662215.076            0                         963                       1.3999309009E+002         4.5002353089E+001         3.5334751309E+001         4.5306580748E+001         4.5000450134E+001         2.0000000000E+000         1.6000000000E+001         3.0952863701E+004         0.0000000000E+000         4.9841862745E+002         5.0951134644E+002         2.0647343536E+000         2.1028670315E+000         1.4075993056E+000         
2023-07-06                16:50:15.990              186.36824064              4472.837775               187.36824064              1688662215.991            0                         963                       1.3999303086E+002         4.5002342224E+001         3.5365676796E+001         4.5306602478E+001         4.5000450134E+001         1.0000000000E+000         1.6000000000E+001         3.0954024376E+004         0.0000000000E+000         4.9816091119E+002         5.0951134644E+002         2.0647343536E+000         2.1028670315E+000         1.4075993056E+000         
2023-07-06                16:50:16.496              186.36824649              4472.837916               187.36824649              1688662216.497            0                         963                       1.4001240540E+002         4.5002342224E+001         3.5375000000E+001         4.5306602478E+001         4.5000450134E+001         3.0000000000E+000         1.6000000000E+001         3.0958781250E+004         0.0000000000E+000         4.9816091119E+002         5.0925258019E+002         2.0647343536E+000         2.1023368269E+000         1.4087781144E+000         
2023-07-06                16:50:18.033              186.36826428              4472.838343               187.36826428              1688662218.034            0                         963                       1.4000669441E+002         4.5002342224E+001         3.5375000000E+001         4.5306602478E+001         4.5000450134E+001         2.0000000000E+000         1.6000000000E+001         3.0957178943E+004         0.0000000000E+000         4.9816091119E+002         5.0925258019E+002         2.0647734899E+000         2.1023368269E+000         1.4087781144E+000         
2023-07-06                16:50:18.943              186.36827480              4472.838595               187.36827480              1688662218.943            0                         963                       1.4000059117E+002         4.5002342224E+001         3.5375000000E+001         4.5306602478E+001         4.5000450134E+001         1.0000000000E+000         1.6000000000E+001         3.0954430604E+004         0.0000000000E+000         4.9751222078E+002         5.0925258019E+002         2.0647734899E+000         2.1023368269E+000         1.4087781144E+000         
2023-07-06                16:50:19.453              186.36828072              4472.838737               187.36828072              1688662219.454            0                         963                       1.4001053267E+002         4.5002342224E+001         3.5375000000E+001         4.5306602478E+001         4.5000450134E+001         3.0000000000E+000         1.6000000000E+001         3.0957694712E+004         0.0000000000E+000         4.9751222078E+002         5.0858260482E+002         2.0647734899E+000         2.1023534679E+000         1.4058899302E+000         
